206.492605683	26	12.28167	39.95	12.241954903	39.8552079565
206.492605683	26	12.28167	39.95	12.241954903	39.8552079565
195.140252549	155	12.185	40.05333	12.1152746582	39.8863573375
195.140252549	155	12.185	40.05333	12.1152746582	39.8863573375
127.709868075	103	11.38	40.11667	11.3604642313	40.0685250947
127.709868075	103	11.38	40.11667	11.3604642313	40.0685250947
111.377553576	114	11.185	40.13167	11.1770384698	40.111909304
111.377553576	114	11.185	40.13167	11.1770384698	40.111909304
191.487858112	143	12.15667	40.09333	12.0744933564	39.8963497166
191.487858112	143	12.15667	40.09333	12.0744933564	39.8963497166
187.234623636	185	12.1	40.08333	12.026988316	39.9079678924
187.234623636	185	12.1	40.08333	12.026988316	39.9079678924
183.620924357	146	12.05333	40.07833	11.9866136909	39.9178238726
183.620924357	146	12.05333	40.07833	11.9866136909	39.9178238726
179.207968642	96	12.00167	40.085	11.9372934957	39.9298407432
179.207968642	96	12.00167	40.085	11.9372934957	39.9298407432
174.939522004	47	11.94833	40.08333	11.889571903	39.9414442153
174.939522004	47	11.94833	40.08333	11.889571903	39.9414442153
166.820631911	119	11.85167	40.09167	11.7987573998	39.9634608191
166.820631911	119	11.85167	40.09167	11.7987573998	39.9634608191
160.967702509	65	11.77333	40.07667	11.7332527444	39.979288669
160.967702509	65	11.77333	40.07667	11.7332527444	39.979288669
155.335736284	151	11.70667	40.08333	11.6701924361	39.9944841516
155.335736284	151	11.70667	40.08333	11.6701924361	39.9944841516
146.65876583	130	11.595	40.07167	11.5729827995	40.0178283668
146.65876583	130	11.595	40.07167	11.5729827995	40.0178283668
105.009825194	165	11.11333	40.14833	11.1054601893	40.1287457146
105.009825194	165	11.11333	40.14833	11.1054601893	40.1287457146
100.840378643	101	11.05667	40.135	11.058573134	40.1397459391
100.840378643	101	11.05667	40.135	11.058573134	40.1397459391
93.4433707459	139	10.99167	40.2	10.9753535673	40.1592148637
93.4433707459	139	10.99167	40.2	10.9753535673	40.1592148637
90.1904565508	148	10.92833	40.14167	10.9387417685	40.1677576673
90.1904565508	148	10.92833	40.14167	10.9387417685	40.1677576673
346.031283892	171	13.73333	39.33333	13.7895679493	39.4611721844
346.031283892	171	13.73333	39.33333	13.7895679493	39.4611721844
308.726033577	149	13.33333	39.46667	13.3775500713	39.5685240772
308.726033577	149	13.33333	39.46667	13.3775500713	39.5685240772
268.008238067	119	12.88333	39.58333	12.9263940812	39.6840300516
268.008238067	119	12.88333	39.58333	12.9263940812	39.6840300516
193.986929265	195	12.18333	40.08333	12.1023983563	39.8895141924
193.986929265	195	12.18333	40.08333	12.1023983563	39.8895141924
271.859979376	72	12.99267	39.728	12.9691360771	39.6731784527
345.772984767	151	13.78	39.44667	13.7867195471	39.4619204763
345.772984767	151	13.78	39.44667	13.7867195471	39.4619204763
344.250211459	184	13.71	39.33	13.7699258687	39.4663305342
344.250211459	184	13.71	39.33	13.7699258687	39.4663305342
362.769160286	130	13.95	39.35833	13.9740147374	39.4125346189
362.769160286	130	13.95	39.35833	13.9740147374	39.4125346189
427.599077594	87	14.72167	39.3	14.6859819059	39.221412671
427.599077594	87	14.72167	39.3	14.6859819059	39.221412671
328.960408179	202	13.53833	39.36667	13.6011866904	39.5104768604
328.960408179	202	13.53833	39.36667	13.6011866904	39.5104768604
361.98141056	180	14.00833	39.51167	13.9653397305	39.4148302216
361.98141056	180	14.00833	39.51167	13.9653397305	39.4148302216
429.784805715	113	14.69333	39.17833	14.7099178293	39.2148936249
429.784805715	113	14.69333	39.17833	14.7099178293	39.2148936249
443.454795913	267	14.86833	39.19333	14.8595170715	39.1740111679
443.454795913	267	14.86833	39.19333	14.8595170715	39.1740111679
447.903625225	118	14.975	39.30667	14.9081658226	39.1606649477
447.903625225	118	14.975	39.30667	14.9081658226	39.1606649477
465.072552738	193	15.11	39.14	15.0957378639	39.1089697816
465.072552738	193	15.11	39.14	15.0957378639	39.1089697816
473.849004589	144	15.235	39.17667	15.1915149055	39.0824281446
473.849004589	144	15.235	39.17667	15.1915149055	39.0824281446
450.752689718	165	15.01167	39.31	14.9393111565	39.1521073047
450.752689718	165	15.01167	39.31	14.9393111565	39.1521073047
405.780469477	91	14.51167	39.43	14.4468028079	39.2862189009
405.780469477	91	14.51167	39.43	14.4468028079	39.2862189009
372.980109457	188	13.995	39.17667	14.0864099623	39.3827203533
372.980109457	188	13.995	39.17667	14.0864099623	39.3827203533
381.63624403	56	14.17833	39.35	14.1816155382	39.3573612657
381.63624403	56	14.17833	39.35	14.1816155382	39.3573612657
389.559638356	160	14.32667	39.46333	14.2687013198	39.3340808682
389.559638356	160	14.32667	39.46333	14.2687013198	39.3340808682
375.387793147	125	14.19	39.54833	14.1128981131	39.375674571
375.387793147	125	14.19	39.54833	14.1128981131	39.375674571
420.564460251	90	14.64333	39.31833	14.608915601	39.2423605094
420.564460251	90	14.64333	39.31833	14.608915601	39.2423605094
421.090950032	59	14.6	39.20833	14.6146850443	39.240794475
421.090950032	59	14.6	39.20833	14.6146850443	39.240794475
247.016330392	31	12.73667	39.845	12.6932153997	39.7428952645
247.016330392	31	12.73667	39.845	12.6932153997	39.7428952645
224.924959208	85	12.49833	39.925	12.4473949887	39.8043388727
224.924959208	85	12.49833	39.925	12.4473949887	39.8043388727
65.406334651	84	10.64667	40.2	10.6594926877	40.2324665457
65.406334651	84	10.64667	40.2	10.6594926877	40.2324665457
118.637203377	147	11.18167	39.90167	11.2585993687	40.0926609125
118.637203377	147	11.18167	39.90167	11.2585993687	40.0926609125
186.407701365	99	11.93833	39.71833	12.0177504218	39.9102244703
186.407701365	99	11.93833	39.71833	12.0177504218	39.9102244703
232.508222608	245	12.47	39.63667	12.5318267544	39.7833057061
232.508222608	245	12.47	39.63667	12.5318267544	39.7833057061
248.178225802	37	12.71833	39.76833	12.7061321634	39.7396492945
248.178225802	37	12.71833	39.76833	12.7061321634	39.7396492945
285.266214438	228	13.145	39.69833	13.1177975293	39.6352867007
285.266214438	228	13.145	39.69833	13.1177975293	39.6352867007
313.461583876	81	13.48667	39.685	13.4299223672	39.5549774251
313.461583876	81	13.48667	39.685	13.4299223672	39.5549774251
345.772984767	151	13.78	39.44667	13.7867195471	39.4619204763
344.250211459	184	13.71	39.33	13.7699258687	39.4663305342
362.769160286	130	13.95	39.35833	13.9740147374	39.4125346189
427.599077594	87	14.72167	39.3	14.6859819059	39.221412671
328.960408179	202	13.53833	39.36667	13.6011866904	39.5104768604
361.98141056	180	14.00833	39.51167	13.9653397305	39.4148302216
429.784805715	113	14.69333	39.17833	14.7099178293	39.2148936249
443.454795913	267	14.86833	39.19333	14.8595170715	39.1740111679
447.903625225	118	14.975	39.30667	14.9081658226	39.1606649477
465.072552738	193	15.11	39.14	15.0957378639	39.1089697816
473.849004589	144	15.235	39.17667	15.1915149055	39.0824281446
450.752689718	165	15.01167	39.31	14.9393111565	39.1521073047
405.780469477	91	14.51167	39.43	14.4468028079	39.2862189009
372.980109457	188	13.995	39.17667	14.0864099623	39.3827203533
381.63624403	56	14.17833	39.35	14.1816155382	39.3573612657
389.559638356	160	14.32667	39.46333	14.2687013198	39.3340808682
375.387793147	125	14.19	39.54833	14.1128981131	39.375674571
420.564460251	90	14.64333	39.31833	14.608915601	39.2423605094
421.090950032	59	14.6	39.20833	14.6146850443	39.240794475
247.018764557	27	12.7367	39.845	12.6932424615	39.7428884657
224.922525772	77	12.4983	39.925	12.4473678866	39.8043456123
65.40877409	80	10.6467	40.2	10.6595201997	40.2324602096
118.638666826	139	11.1817	39.9017	11.2586158057	40.0926570266
186.406264925	91	11.9383	39.7183	12.0177343742	39.9102283895
232.507194473	221	12.47	39.6367	12.5318153107	39.7833085619
248.176825683	34	12.7183	39.7683	12.706116599	39.7396532068
285.267266426	217	13.145	39.6983	13.1178091884	39.6352837199
313.464016953	75	13.4867	39.685	13.4299492703	39.5549704589
346.031283892	171	13.73333	39.33333	13.7895679493	39.4611721844
308.726033577	149	13.33333	39.46667	13.3775500713	39.5685240772
268.008238067	119	12.88333	39.58333	12.9263940812	39.6840300516
193.986929265	195	12.18333	40.08333	12.1023983563	39.8895141924
346.0299134	151	13.7333	39.3333	13.7895528363	39.4611761548
308.722532809	135	13.3333	39.4667	13.3775113473	39.5685340829
268.006838718	109	12.8833	39.5833	12.9263785505	39.6840339912
193.985516663	164	12.1833	40.0833	12.1023825846	39.889518058
271.859979376	72	12.99267	39.728	12.9691360771	39.6731784527
271.859979376	72	12.99267	39.728	12.9691360771	39.6731784527
346.0299134	151	13.7333	39.3333	13.7895528363	39.4611761548
308.722532809	135	13.3333	39.4667	13.3775113473	39.5685340829
268.006838718	109	12.8833	39.5833	12.9263785505	39.6840339912
193.985516663	164	12.1833	40.0833	12.1023825846	39.889518058
271.859979376	72	12.99267	39.728	12.9691360771	39.6731784527
118.506094518	129	11.3417	40.3017	11.2571267929	40.0930090445
118.078989929	115	11.3283	40.2817	11.2523295763	40.0941430015
117.961597822	146	11.3167	40.2567	11.2510110062	40.0944546413
117.368651621	116	11.3033	40.2417	11.2443507392	40.096028502
115.428821821	135	11.2733	40.2267	11.2225594529	40.1011747384
116.931605976	136	11.2817	40.2017	11.2394414277	40.0971883107
116.829669915	164	11.2683	40.1717	11.2382963611	40.0974587934
116.24243044	139	11.255	40.1567	11.231699614	40.0990167873
115.542558115	123	11.2383	40.1367	11.2238372127	40.1008731165
127.808483098	108	11.4083	40.1833	11.3615710511	40.0682622612
124.99487474	151	11.375	40.1867	11.329988762	40.0757570877
121.42033796	118	11.335	40.1967	11.2898551563	40.0852664861
119.571940687	137	11.3183	40.2117	11.2690976245	40.0901783741
117.438452858	125	11.2967	40.2233	11.2451347975	40.095843248
113.236938395	127	11.2483	40.2317	11.1979327296	40.1069847412
110.58752275	136	11.2217	40.2467	11.1681598279	40.1140005565
108.481962029	150	11.1917	40.2367	11.144494136	40.119570773
107.726417485	154	11.1817	40.235	11.136001161	40.1215683757
277.382785528	143	12.945	39.4583	13.0303980951	39.6575915975
115.428821821	145	11.2733	40.2267	11.2225594529	40.1011747384
234.284437011	108	12.58333	39.85333	12.5515955912	39.7783703035
235.201669944	209	12.58333	39.82667	12.5618030616	39.7758203602
237.617945968	154	12.61167	39.82333	12.5886890831	39.7690987389
597.926575429	44	16.6217	38.8733	16.5378079902	38.6988794711
358.702716616	142	13.9	39.3583	13.9292273398	39.4243778294
128.711477023	95	11.45	40.2583	11.3717055351	40.0658550688
117.632583326	138	11.3167	40.2667	11.2473153896	40.0953279936
NaN	NaN	NaN	NaN	NaN	NaN
NaN	NaN	NaN	NaN	NaN	NaN
NaN	NaN	NaN	NaN	NaN	NaN
NaN	NaN	NaN	NaN	NaN	NaN
NaN	NaN	NaN	NaN	NaN	NaN
NaN	NaN	NaN	NaN	NaN	NaN
NaN	NaN	NaN	NaN	NaN	NaN
NaN	NaN	NaN	NaN	NaN	NaN
NaN	NaN	NaN	NaN	NaN	NaN
NaN	NaN	NaN	NaN	NaN	NaN
NaN	NaN	NaN	NaN	NaN	NaN
NaN	NaN	NaN	NaN	NaN	NaN
NaN	NaN	NaN	NaN	NaN	NaN
NaN	NaN	NaN	NaN	NaN	NaN
NaN	NaN	NaN	NaN	NaN	NaN
NaN	NaN	NaN	NaN	NaN	NaN
NaN	NaN	NaN	NaN	NaN	NaN
NaN	0.8	NaN	24.9	NaN	NaN
NaN	NaN	NaN	NaN	NaN	NaN
NaN	NaN	NaN	NaN	NaN	NaN
NaN	NaN	NaN	NaN	NaN	NaN
