"X" "Y" "Heat_flow"
12.6895747987736 42.1092576489089 81
14.3715822750812 42.0078739189227 77
14.2732452757391 42.0106513969996 52
14.3360253045179 42.0237073075262 62
14.4508287560947 42.1599591969555 60
14.4649184896692 42.1062086469113 57
14.3926938987852 42.0531522656764 77
14.3996388188432 42.0167629989733 73
14.5449218950585 42.0331525461667 50
14.5168647422828 42.1273201626782 59
14.5271435236695 42.0217634738596 55
14.5360318949291 42.1659317655013 59
14.6388137724133 42.1195426941746 43
14.6404809016211 42.0503752673448 62
14.6943713135241 42.1339874769041 34
14.6943713135241 42.1339874769041 48
14.7535408879236 42.010375186279 48
14.8691007078255 42.0156533838968 50
14.7793748492353 42.0689870257022 50
14.8504888583628 42.0239867512671 74
14.8663229089608 42.0009309908745 74
14.8993796464763 42.0092645183398 51
13.9043407827567 42.3095423231206 36
13.9315640550738 42.3042645830879 42
13.9271199154733 42.2312081947601 99
14.2246309185407 42.2450982751317 35
14.2246309357192 42.2423204663071 37
14.3179679133192 42.2156538184252 40
14.31435653872 42.2367651531098 46
14.2940780011579 42.2373206463991 46
14.4568619832049 42.2153765010138 47
14.4893632235344 42.210654333221 47
14.4568614922901 42.2973218630019 49
14.5282537863066 42.1728762618308 50
13.0781980534675 42.4237071646131 75
13.8390593612608 42.4937108344657 38
13.8990621495973 42.41093233438 36
13.8887843598063 42.353709430336 44
14.1026808092162 42.4220442891977 37
14.0718460614534 42.4628779776421 36
14.108514494579 42.4009329596897 36
14.0907360074997 42.4078774207403 36
14.1174031620598 42.4884339822134 34
14.1979623542477 42.3900998129748 43
13.2188353979676 42.597876359265 47
13.3351512679277 42.5414872782919 66
13.787668392072 42.5170442470971 36
13.8696151207134 42.6367681334772 35
13.8779486482872 42.6548239263416 38
13.9590628307103 42.6517686257281 32
14.0162872706308 42.6417687135902 32
14.023787550974 42.6420465210178 49
13.7965558307005 42.7845473512649 36
13.9740631813445 42.6845468339373 42
11.7881463224534 42.8620399913959 112
13.878780356106 42.9045490460118 37
12.3548319960732 43.1467680655848 77
12.3531652685334 43.1464902773032 77
13.6059911066995 43.0712166690628 29
13.6126575386917 43.1412175227962 29
13.6240470326434 43.1164950499876 30
13.7979424099836 43.1339959000232 41
13.7543303640552 43.0281611552566 40
13.8076651605671 43.1106623254221 32
13.7671087493141 43.0101054339116 30
13.3184792323797 43.2051060495893 39
13.3170904720097 43.1801057468095 32
13.4759847310643 43.274274147918 37
13.4379277789843 43.2667739127711 35
13.4954305918647 43.1792730885064 43
13.5595993645018 43.2267738972559 29
13.5745994285263 43.2987192589149 32
13.5357093870792 43.2520518867134 43
13.5896007682133 43.1895513442369 40
13.7287725454755 43.2164966279323 36
13.7407170789566 43.2695528618294 49
13.7032158030027 43.2473302350906 29
13.6546024144322 43.3081641165404 35
13.6546024474535 43.3034418376441 32
13.699882513961 43.2226077051633 29
13.7804413875835 43.186218679183 36
13.7851637724699 43.1887187262662 36
13.7796078474974 43.2117745363523 38
13.768496196839 43.2287191423173 38
13.7682184103847 43.2284413602013 38
13.7823856701759 43.220663541519 28
13.7859970577054 43.2003855350345 33
13.7821078818152 43.2206635405008 37
13.7826634794748 43.2176079505043 30
13.7798856339522 43.212052318463 43
13.7832190523882 43.2181635147277 44
13.7782188200042 43.2242746804715 38
13.3154220187235 43.4164974611504 32
13.264586316029 43.47427573918 26
13.3043101258029 43.465109116834 35
13.3201439833909 43.4762204243142 36
13.3748689615912 43.3853862053679 36
13.4634831342986 43.4303870893611 29
13.6068224945973 43.3534422597945 49
13.5312636118854 43.4153871662121 32
13.6223787459423 43.3389976998912 42
13.5573751514702 43.4953882344264 54
13.5573751514702 43.4953882344264 54
13.6498793770229 43.3987207447184 37
13.6437678895586 43.4189987446825 46
13.6798808855535 43.3470535670082 37
13.6443239699297 43.3473312155799 37
10.6789304963057 43.6531550735837 72
13.4729272671554 43.523721590957 35
12.015366599906 43.6553381584281 117
12.9692957745029 43.6653879997625 38
13.1059683585792 43.5773319191894 34
13.1868052718468 43.5131647933875 37
13.1926387911974 43.5181648772184 37
13.2470844131117 43.6401110243045 64
13.3173656496862 43.5373322669079 31
13.2695852215759 43.6476112046799 59
13.3165317945096 43.6037219623414 45
13.2743081248057 43.5803881788334 54
13.3365331122443 43.5289989068179 23
13.3904239062254 43.5509438274096 44
13.5329295354932 43.5281663181652 78
10.8722710240689 43.6712118390772 78
10.9008828404812 43.711490243788 90
10.9247729178119 43.6826011324039 79
13.0617985808181 43.7628895734892 25
12.7565095199965 43.7042764889253 36
13.0609658812979 43.6759440558539 32
13.4532828943214 43.4095534652408 29
12.5881676889977 43.9545566536676 46
12.0203670855323 44.0601110300609 64
12.2645423463559 44.1592800377576 64
12.3498235619773 44.143724661738 54
12.44510499155 44.1487251405197 32
12.4126036846564 44.1542806248546 32
12.4473272045891 44.1601141828123 32
12.4281606759239 44.0548349969141 50
12.5112196475379 44.0303906051941 36
10.7811507806604 44.2476073960907 97
10.9128218190405 44.3206645471024 45
11.7297982089557 44.2923348409714 38
11.6695178655175 44.3170570939115 40
11.6542394537545 44.3215015227575 40
11.9731418194884 44.1987236699763 31
12.1073133325247 44.2395581285656 32
12.0875902306746 44.2526137606971 32
12.040365742747 44.3017808380634 31
12.2264847860708 44.2209473151049 34
12.2259291085824 44.2326141271116 34
12.3684348238835 44.2112255962907 30
12.4234371930983 44.183447707153 36
10.1372351843014 44.4231617696143 99
10.5133614549804 44.3656630531365 81
10.6269756085498 44.4992764627211 72
10.8783744769372 44.4784441594337 37
10.9089310549478 44.4951111951346 36
11.0375480119137 44.4089996329463 57
11.1136614367111 44.4751119698659 38
11.1617186277362 44.4992791855166 41
11.2456118514551 44.3878892866528 48
11.2817233057624 44.4987242153095 45
11.3464483371524 44.4684463658177 45
11.3464483371524 44.4684463658177 45
11.5750692455743 44.372057346563 43
11.5692357215239 44.3681683802938 38
11.5181224326618 44.3887239538027 46
11.7139625325634 44.4815038492912 36
11.6906282102875 44.4901149611686 37
11.7200746625098 44.396225007572 37
11.7364642777879 44.386502738041 36
11.6917401809164 44.4012249382195 39
11.7322973020284 44.4026140354888 38
11.7692434065602 44.3781694516948 32
11.8389680204915 44.4137257864256 22
11.754798367367 44.3817805413774 36
11.8564686043146 44.424559339617 34
11.8564686043146 44.424559339617 34
11.946194359508 44.4203930333626 34
11.9995290785754 44.4981720542535 39
11.9614727623208 44.4170597274084 47
11.9595283065529 44.4098374037921 37
11.9803621446481 44.4442823851035 37
11.9467497802567 44.4378932602108 38
11.9223049773732 44.3715034094232 39
11.9653619661625 44.3987261772095 31
11.9856397491468 44.4867829552879 39
11.9856397491468 44.4867829552879 38
11.9039703650662 44.4345596873111 52
11.9039703650662 44.4345596873111 46
12.0103623094977 44.5570617522137 42
12.0931439088395 44.490950164684 32
12.1145336329468 44.4909502613489 27
12.0931439088395 44.490950164684 32
12.2214822398405 44.4926174295554 25
12.1812031679718 44.4606723939156 29
12.1425904231721 44.4751168507068 32
12.2150935295166 44.4434501019988 27
12.1828698463027 44.4667835910626 27
12.159813655774 44.4365053209121 27
12.1748139860034 44.4656724295545 25
12.1828700670372 44.441505488493 31
12.1828700961261 44.438172112368 31
12.1798142006001 44.4634502011776 22
12.25259495914 44.4473392079198 27
12.2848187385955 44.412616683085 39
12.2803742501642 44.3976164711731 32
12.2664839304776 44.5003955079518 25
12.2664839304776 44.5003955079518 25
12.2664839304776 44.5003955079518 25
12.2662061418447 44.5003955067177 25
12.2848187385955 44.412616683085 39
9.94083650863974 44.6251077172444 64
10.1197325434028 44.6073306957972 58
10.1488997887434 44.6592759685785 51
10.1491775446276 44.6623315650798 56
10.1747343621009 44.6373313818395 70
10.145288789723 44.6356645333363 75
10.1583446216737 44.6573315505215 82
10.3361299479666 44.5978873010163 53
10.3411294387223 44.6648326353158 41
10.4119659709202 44.6228880281817 55
10.5925282707146 44.6509449000028 50
10.5880838358992 44.6331668693263 34
10.5944727509633 44.6548338493437 54
10.5714161990304 44.6642782948948 54
10.5625269692247 44.663722685438 44
10.6503084322247 44.6381672592711 32
10.6569759515454 44.5801109900131 53
10.7658688085366 44.6070563460077 49
10.7586463554056 44.6020562442685 32
10.7672576616995 44.6159453567284 39
10.9894896015447 44.5095562329133 45
10.9825448567111 44.5126117926123 38
10.9961566042628 44.501778389002 38
10.8980965455848 44.5709454474015 43
10.8844854940091 44.511777951033 38
10.9267086775136 44.5803901590484 47
10.9272642823486 44.5776123483075 31
10.9361531308563 44.6165017839215 34
10.9917114745336 44.5537234782748 43
11.091436702824 44.6434473597289 40
11.1186604857171 44.5926135055203 32
11.0639357710889 44.6290025905676 39
11.0358798510227 44.5548348262207 52
11.0081006483047 44.5895573558764 50
11.0436577871297 44.5695572770971 32
11.0603254631909 44.5328902222948 38
11.0917156968066 44.5203902188656 52
11.1117165243872 44.5153902545489 54
11.0692137931499 44.6251136778814 34
11.2225542278635 44.5098351778048 34
11.1294941385795 44.6031692513794 36
11.2895011708997 44.5212245425405 32
11.4814520812335 44.6290046447308 47
11.4814520812335 44.6290046447308 61
11.4728403178204 44.6623383687082 40
11.3931150379317 44.6559490106056 34
11.4878412015254 44.6309491451563 43
11.477840923504 44.6190044978341 43
11.4711740645816 44.6117821499877 34
11.4489507184873 44.6387268359578 52
11.4814520812335 44.6290046447308 47
11.4953414947613 44.6309491812811 41
11.4958971375969 44.6240046495666 56
11.4958971375969 44.6240046495666 41
11.4958971375969 44.6240046495666 45
11.4814520812335 44.6290046447308 61
11.4803409214305 44.629560202125 45
11.4817298646186 44.6295602088216 45
11.4817298646186 44.6295602088216 59
11.4817298646186 44.6295602088216 63
11.4817298646186 44.6295602088216 59
11.4981195226963 44.6159490004196 47
11.4981195226963 44.6159490004196 47
11.4981195226963 44.6159490004196 47
11.4981195226963 44.6159490004196 47
11.4822854812816 44.6253934908695 40
11.4822854812816 44.6253934908695 40
11.4822854812816 44.6253934908695 40
11.4822854812816 44.6253934908695 40
11.4822854839072 44.6251157094945 40
11.4822854812816 44.6253934908695 40
11.495619354204 44.6234490854799 43
11.495619354204 44.6234490854799 43
11.495619354204 44.6234490854799 43
11.495619354204 44.6234490854799 43
11.4972861541715 44.6162267777819 37
11.4972861541715 44.6162267777819 41
11.4972861541715 44.6162267777819 37
11.4972861541715 44.6162267777819 36
11.4972861541715 44.6162267777819 37
11.4972861541715 44.6162267777819 41
11.4972861541715 44.6162267777819 37
11.4972861541715 44.6162267777819 36
11.5003417924737 44.6201157317165 41
11.5433986916876 44.6562275176798 58
11.563956263425 44.5267814983522 32
11.6239581967056 44.5706712389902 34
11.5720115650733 44.5876156548967 32
11.5661779232413 44.5962268494569 32
11.5700671797386 44.5731710145658 32
11.5331210082353 44.6034490068287 32
11.4997862335443 44.6181712594267 43
11.5108977737331 44.6187268756128 39
11.5211760761281 44.6056712004817 34
11.5003417846126 44.6209490758388 45
11.5003417846126 44.6209490758388 45
11.5000640012174 44.6203935117539 43
11.5000640012174 44.6203935117539 43
11.5000640012174 44.6203935117539 41
11.5000640012174 44.6203935117539 41
11.5000640012174 44.6203935117539 43
11.8181320977057 44.6092837632043 45
11.8892460792735 44.5995617452776 45
11.9520270498393 44.5176165315745 54
11.923692222241 44.560672512388 30
11.971472353154 44.5065053665151 37
11.9814724653054 44.537616924546 34
11.9517492612131 44.5176165302987 54
12.0806431110484 44.5259505591401 37
11.9998066961704 44.5173389691035 36
12.0292523352707 44.512339039012 32
12.0578646625119 44.5012279148915 27
12.2012035534775 44.5059508440884 43
12.147589707201 44.5787293214371 29
12.1598123319392 44.5873405990692 31
12.2164819185653 44.5070620378217 25
12.2131484064903 44.5126176501234 27
12.2473157067666 44.5931743997388 29
12.2456489117715 44.6003967081751 27
12.2456489117715 44.6003967081751 27
12.2084253777538 44.5837296592535 32
12.2453711182619 44.6009522696974 29
12.2467601221802 44.594007741399 32
12.2203709691141 44.5059509297529 25
12.1712018864495 44.5623403266465 47
12.1600901230371 44.5870628189425 45
12.1459229410181 44.5826182531736 32
12.259538361637 44.5984523003796 43
9.13024793883061 44.758993676954 57
9.23608531836208 44.764827711559 57
9.82971997300236 44.7256639503065 55
9.98944751471566 44.8084436921329 60
10.0052812479817 44.8284440401838 38
10.21140195298 44.6845544127481 40
10.1672320957989 44.8215003946044 52
10.2377904123495 44.8212229967955 54
10.2144577637061 44.671776486425 74
10.3194615906278 44.6967773765196 49
10.3444619615227 44.7540004749809 37
10.3000161586514 44.7184442191938 70
10.3675185140636 44.7448338128451 53
10.3102932501002 44.8209456071062 34
10.3300166589414 44.7817785363302 36
10.2750140069198 44.8290010774387 32
10.2500136965846 44.7665001284749 59
10.4277988231867 44.7278894703418 49
10.6078049050817 44.8195582814345 36
10.7030867468988 44.7870583549103 39
10.7278102772369 44.7537247157834 39
10.7086425938353 44.779836067424 39
10.7194764135621 44.7737249329419 41
10.7467000576525 44.7387246185335 29
10.7353099204876 44.8173366950841 34
10.640307697969 44.6717787527269 39
10.7430882896167 44.78928081366 38
10.7755891483889 44.8298370668999 36
10.7903121511575 44.8098368815531 36
10.9397637405746 44.6809470805672 32
10.9197629175807 44.6851136995532 38
11.1247700777366 44.7717825275484 38
11.1408824556368 44.7070595429362 36
11.3061661131195 44.7678944866449 115
11.3575570487452 44.7645613615741 40
11.3575573854862 44.7295609051674 41
11.4178377077891 44.7103942825322 41
11.3939478169263 44.7173387012294 43
11.3931143684878 44.7259499204162 38
11.4442276539759 44.7078943779688 38
11.3856142077869 44.7120608141785 41
11.6125674750146 44.7192842237626 56
11.5533989654554 44.6687277278776 54
11.7061814290395 44.8081747184579 92
11.6859038200462 44.7045621577999 40
11.6820143908628 44.7462293494023 34
11.7817412319655 44.6695621532559 56
11.8642442615098 44.6917850492497 41
11.8575772954321 44.695951739217 54
11.8731335064858 44.6909517463182 38
11.8103519868574 44.8301199403615 37
11.8547981537541 44.8328979619654 43
11.8964667593244 44.8001199475681 45
11.9425802408731 44.7387304683492 39
11.9745261729157 44.7128969447281 45
11.9364686223988 44.7681752696161 47
11.9292456028664 44.8245648643859 43
11.8803547807968 44.8256757636968 36
11.9095227799241 44.8053978550056 56
11.9273014287554 44.7865088006993 43
11.8922998755195 44.8059533380815 43
11.9023003270432 44.7995644117491 45
11.8814661188256 44.8056755064133 45
11.8797994756546 44.795953148996 41
11.9173010534716 44.7845642845786 45
11.8975779217292 44.7992866084576 45
11.8975779217292 44.7992866084576 45
11.8975779217292 44.7992866084576 45
11.8967445226313 44.802897763054 44
11.8967445226313 44.802897763054 43
11.8967445226313 44.802897763054 43
11.8967445226313 44.802897763054 44
11.9075783503298 44.7953977148946 45
11.9075783503298 44.7953977148946 43
11.9075783503298 44.7953977148946 45
11.9075783503298 44.7953977148946 45
11.8967445530993 44.7995643860162 56
11.8967445530993 44.7995643860162 56
11.8967445530993 44.7995643860162 56
11.8970223417964 44.7995643873032 56
11.8970223417964 44.7995643873032 47
11.8970223417964 44.7995643873032 48
11.8970223417964 44.7995643873032 47
11.9070227780083 44.7948421494864 47
11.9070227780083 44.7948421494864 47
11.9064672031515 44.7945643654966 50
11.9064672031515 44.7945643654966 50
11.9186901057599 44.7726196901487 43
11.9742478441392 44.7726199461631 46
11.9528579660153 44.78900895132 47
11.9528579660153 44.78900895132 47
11.9217455814549 44.7945644361523 43
11.9217455814549 44.7945644361523 46
11.8845220384554 44.7790085044946 47
12.1136983608861 44.7062308255126 43
12.1217534382497 44.7953986951407 41
12.0564734721921 44.7531756234253 48
12.0403617156603 44.7545644570335 47
12.0667516537593 44.753175670216 48
12.0667516537593 44.753175670216 43
12.0920311507722 44.6717858340333 53
12.1489764937796 44.822065834977 30
12.1987006906353 44.8201215888643 39
12.1987006906353 44.8201215888643 39
12.1987006906353 44.8201215888643 39
12.1728664267442 44.8103991227554 39
12.2253689955994 44.7534541673632 37
9.01496405401425 44.8964947727686 36
9.02468672765269 44.8903836403866 38
9.02579733770658 44.9362175780463 59
9.15524615560735 44.993719103171 44
9.59470935875988 44.8556643065425 64
9.61359863938045 44.8862203686509 55
9.59720940918238 44.8598310418129 64
9.67637826532693 44.939832538988 41
9.65359934834852 44.9617771413005 52
9.62470981054452 44.9192764196694 36
9.83777375705842 44.9139997797218 36
9.85249659841888 44.9101109225369 34
9.77582753767786 44.8559431171551 50
9.89999779228674 44.97011197515 36
9.97361150015991 44.9962238397468 36
9.97361150015991 44.9962238397468 32
9.956110829208 44.9948348352963 36
9.956110829208 44.9948348352963 36
9.94861056274343 44.9923347606626 34
9.94861056274343 44.9923347606626 34
9.94861056274343 44.9923347606626 34
9.94888835141314 44.9923347622088 34
9.94861056274343 44.9923347606626 34
10.0236134612743 44.9962241168994 36
10.0850047736825 44.9948355483868 38
10.0475036919995 44.9592793185594 32
10.1044505198758 44.9453905606826 38
10.1044505198758 44.9453905606826 34
10.0288917113238 44.9720571614797 38
10.0150020459805 44.9931684734737 36
10.1891767074739 44.8856680189114 42
10.1758429840123 44.8734455641459 32.4
10.1758429840123 44.8734455641459 47
10.221678227496 44.8626123385727 34
10.221678227496 44.8626123385727 34
10.1891767104674 44.8853902374985 54
10.2175113440824 44.8676123813028 66
10.1430636470603 44.8990012751149 43
10.2614021468188 44.8492790463314 36
10.8358689667768 44.8615044586608 40
10.9183719199511 44.8895608046767 74
10.9089272310045 44.8770605924101 81
10.8822594418772 44.8845605544995 50
10.9661516908511 44.8778942280649 63
10.9889303488907 44.8792832507414 80
10.966984953632 44.8881721449992 77
10.9933749900924 44.8770610218714 80
10.9680962339445 44.8756719865551 83
10.9330948153743 44.8801163113118 84
11.1033794553238 44.8623391607908 86
11.0489326881216 44.8809502425155 96
11.0453215182963 44.8726167815886 41
11.0906005742252 44.9228954480813 30
11.1033794553238 44.8623391607908 86
11.1728268151261 44.8431725897285 77
11.1831039044236 44.9540074318663 34
11.1928265367031 44.9512296658282 36
11.1531028007882 44.9462294018786 45
11.2981087432843 44.9220631356494 38
11.3014421725478 44.9256743107582 38
11.4386694877536 44.9576198478376 52
11.5567304427838 44.8790082703721 80
11.5433965691057 44.8806748949402 72
11.5564523321312 44.9128976042228 79
11.646178103003 44.9112313443881 54
11.8378524792577 44.8940097982304 45
11.8964667593244 44.8001199475681 45
13.9537872066853 42.2887089320658 62
13.7826634756681 43.2181635126916 46
11.7795370774931 42.6014814120558 250.5
11.5406374608919 42.8125938329157 231
11.4603574252752 42.726481347312 74
11.428968076485 42.6445358250034 120
11.4050773226636 42.7559258719051 306
11.4022988299031 42.8256488788492 152
11.4609124139058 42.793982123156 119
11.030055817291 43.5656557917469 58
10.7739371377848 43.3387073447153 111
11.2559021357123 43.0845400699071 155
11.1947887577957 43.0806508374776 158
11.4253575471278 42.5620348733954 126
11.3767419832059 42.8634269721285 157
11.1953445527554 43.0564838877251 160
10.9628363104089 43.0017598853514 168
10.9294988875707 43.3059299606158 230
10.6225435633607 43.2309275147346 120
10.4544801996038 43.3809284183834 97
10.6975454259618 43.3317624225247 138
10.4425353093035 43.3803727892022 106
10.4525358979525 43.3589836973256 97
10.8006039967196 43.4242640496967 116
10.70726871835 43.2584282738247 149
10.6283767739025 43.2664835143442 130
12.9087686292563 44.3096251514676 26
12.706822943141 44.0954515467601 47
13.2073874583292 44.2637931714002 32
14.1543769789028 42.7509868322251 36.5
12.8957150417686 44.1687882488468 28.5
11.6257183244538 42.0940070812019 153
13.1032196428755 44.1835125563726 21
13.2848953039613 43.883228949575 86.8
13.695745895577 43.3829424876318 72.6
13.5837874592852 44.1196260570891 46.4
12.8057086025885 44.4365718692807 32.3
13.5526814742261 43.7448944551219 60
13.6243518599805 43.6118362751354 80
13.3987834674907 44.0979573421838 65
12.6976565061624 44.0679507997232 64.6
13.9002007679244 43.0021017925512 44
13.977424784244 43.0015468375628 69.5
13.8032485131029 43.3748876045277 64.3
14.8757798440565 42.9437747478167 46
14.6199402538287 42.963773229188 36
14.8213457095473 42.1209775456452 69.6
14.2760388327635 43.2721111502094 47.7
13.6110103289376 44.1190707105497 46
14.1113115996392 43.3507228250131 86.7
13.016277914899 43.8854490134023 37.2
14.8007903499192 42.0723651768002 77.6
14.6291021697995 43.3040591388034 76.5
12.9537591212983 44.9515860068839 44
13.859636747211 43.5048911626662 75.6
12.6329302879607 44.2223984767311 73
14.8357894592639 42.1954237911228 81.7
12.5015331295825 44.5404607704246 30
12.3181946581291 44.5926827333634 32.8
13.2915597150396 44.0362882854586 34
14.2621442512018 43.6307307440133 47.8
12.6865324606876 44.8407476183056 38.8
13.2346137614876 44.0476769834731 43.1
12.4937550831235 44.5457386133589 28.9
12.5782041664663 44.3835130897922 37
14.0235238967397 43.8696235139828 46.2
13.1510001931291 44.0796215183257 54.2
12.8334924566819 44.1012860795076 51
12.8701505349023 44.6813007237628 34
13.2482248996282 44.0660108769561 32
12.5198703227554 44.3318446583796 40.8
14.1829915307896 42.5579270366066 47
13.7618480103613 44.0676817911199 68.6
13.7618480103613 44.0676817911199 90.2
14.249379823279 42.7059865338819 43
12.9729394011585 44.1476772631999 45.8
14.3760479580349 42.8073787726819 43
14.1585398498439 43.0179375457877 45
14.152989442417 42.6551512671312 44.6
12.6604279304209 44.4062921222267 31
12.5145891641047 44.5299050634154 30.2
12.6620946495719 44.4054587823264 32.8
12.661539071974 44.4060143469338 33.4
12.6265399224604 44.3040670950856 28
12.6393180607589 44.3001782179226 23
12.9262605896629 44.8246381265028 32.2
13.79073766045 44.0624041189253 65.2
12.6276419749524 44.8535252182198 44.2
14.158542447695 42.8401556065938 37.6
14.4629950101121 42.7662673833565 46
12.5409796216326 44.4721260767704 32
14.2338076121605 43.8046236203524 51
14.0296359923032 43.8149000096605 55.4
12.6270954818803 44.3046226689756 30
12.6445961738645 44.287122385688 31
12.8284796529772 44.876027485369 45
13.2518361126416 44.0648997684493 39.2
13.1098879112798 44.0929548376438 33
13.9029662103816 43.8243436626568 46.6
12.4523663373099 44.4787921590872 30.6
13.2482248996282 44.0660108769561 32.6
12.4526456091578 44.3885121534606 35
12.7190443162729 44.1657311437154 35.6
13.8085163808666 44.0287923286867 64.6
13.7810150098909 44.075182131016 78.8
13.8085163808666 44.0287923286867 64.8
12.7157013789809 44.7468566187232 35.6
13.043497111705 44.1157326225934 55.8
12.7079322554713 44.2085098761025 31.7
12.9662612041881 44.8443611821764 27.3
14.0004803123382 43.039603469592 38.3
13.0779405756609 44.2271245290548 37.6
14.4346643376906 42.5343173456648 42.2
14.4185481486937 42.8623803894161 46.8
14.2390990231369 42.8982131521477 42.8
12.4954218990073 44.5390717953273 33.8
12.8468146081478 44.8046369538597 30.4
12.83653626022 44.8243595854165 44.4
12.3720862183874 44.5074032980829 35
12.3720862183874 44.5074032980829 30.8
13.8162940334759 44.0485150972585 69.2
12.5593147378601 44.3896241924681 32.6
13.7107394462389 43.8271199521434 42.8
12.2848594535326 44.6582396358401 32.6
14.1852120595209 42.6793187459458 44
12.4904219019979 44.5318493515588 41.8
13.8162940334759 44.0485150972585 69.2
13.7565698388715 44.0849043928364 68.8
14.3779963749486 42.5334835521127 46.8
12.6493164830427 44.4110143676302 37.6
13.7565698388715 44.0849043928364 65
14.0154798514604 43.0943270984452 64.1
12.75265679472 44.129341646006 36.6
13.7729588472963 44.1018493866531 70.6
12.7506995656004 44.9046386602334 47
12.897925751598 44.8749169324036 33.5
14.2435462390416 42.7140422305469 48.2
14.1599288443326 43.0129374392786 44.6
12.580982149944 44.374901789677 27.4
14.7657857469507 42.3462600302978 80.2
13.8963115018775 43.0215466621285 66.2
13.886866506224 43.0440471151552 72.4
13.0762737897772 44.2321246381533 29.2
12.5451463121401 44.4765706664515 31.2
14.1565979865667 42.8382111014967 44.2
12.8771045234768 44.1048976420307 35
14.093812857305 43.2390533640529 52
12.4548679012823 44.3874010337362 29.4
13.0537751955289 44.1115659392037 31.8
12.5457030730376 44.4040688786209 31.4
13.2971096053745 44.3993528205108 46.8
12.7759893215168 44.2129549989716 34
13.3812791106815 44.3457410773362 32.5
13.1901682496109 44.0496211088417 67.6
12.4493106739363 44.4810144104405 28.2
14.1401925795041 43.9168478266782 78
12.5362580163422 44.4279582778358 28
12.5748707464586 44.3840686309641 28.8
14.4624395934075 42.755711577741 38.6
14.1277112420868 42.6440397006523 41.7
12.5351491771998 44.2876770344823 69.4
14.209374052872 43.0390495549008 33.6
12.5454240963898 44.4765706687979 33.2
13.9762995754308 43.9337913645414 54
12.5198688465004 44.4218468773732 30.8
12.5198688465004 44.4218468773732 30.8
12.6984783825914 44.7690792525152 37.8
12.7473754532969 44.3418468175855 38.4
13.2482248996282 44.0660108769561 34
12.4820933373473 44.2296196078432 41.4
12.7737670745405 44.211288272851 32.2
12.6334750443624 44.8774147579586 45.2
13.8096276047472 44.0232366461266 59.5
13.7404582709053 44.0899043843331 52.6
13.0001625422598 44.1298992763505 34.2
13.109886700748 44.1687900281726 23.6
14.1188092597874 43.5182268917822 38
13.8921386556585 43.4287784918072 40.1
12.9429329589922 44.5024079852385 27.6
13.1004123331344 43.6112211995113 42.4
9.23580752978284 44.7648277099232 87
13.6476574520061 43.3442756357079 56.4
11.2456147773346 44.0806631858683 74
13.5120967122291 43.3453862496005 41.2
13.4704281359349 43.3898310705874 39.6
13.4379277789843 43.2667739127711 55
13.4532828943214 43.4095534652408 48
11.8967454346494 44.7028964557743 43
14.7402070939802 42.0042639657516 48
13.7543304530465 43.015105445923 40
13.7051605158486 43.2192743515883 41
11.8717442437726 44.7259521961377 50
11.8722997450144 44.7342856408277 38
12.0442523156346 44.5803955418255 57
12.0503636806842 44.5787288813982 41
12.0711979105583 44.5695621907949 38
12.0617530744449 44.5720621802468 41
12.0242516199742 44.5706731026813 58
11.7295195048805 44.3928916759769 39
10.7461569894577 43.4762088443522 172
13.8921386556585 43.4287784918072 51.1
14.4004708120229 42.2450988682674 68.8
10.1480651917087 44.7739996718257 62
12.4198325598721 43.3820489260498 75
11.5939656527092 43.626214818195 75.4
14.4346643376906 42.5343173456648 52.7
13.2188353979676 42.597876359265 45.4
12.4670056034356 42.0892564998579 90
11.4162647867172 42.9656505638979 152
11.4162647867172 42.9656505638979 162
11.2748741948116 42.5587007876996 220
11.2748741948116 42.5587007876996 243
11.3101509868478 42.8195372578082 144
11.3101509868478 42.8195372578082 123
11.3101509868478 42.8195372578082 135
"X" "Y" "Heat flow"
14.0660225819367 40.8261937948771 327
16.0994298935503 40.7431434081524 66
14.1201909822704 40.8639721372087 229
15.0163298551308 41.7478731335458 60
15.4238475236857 41.2267576806048 50
15.4721828239571 41.1859240580392 60
15.5885757816468 41.224258111482 36
15.5457965802855 41.1950910239135 44
15.2455065940484 41.4378704974456 42
15.3057870358654 41.3489808456972 46
15.3402320898902 41.47842675564 50
15.2591181808066 41.4425928090957 43
15.3577324666771 41.5312051446022 50
14.6115926942254 41.7459274063221 62
15.4396785287377 41.8098194884338 33
12.2892835196935 41.940365229394 125
14.7746534370642 41.8945406491022 64
14.8829907116147 41.9078744658434 56
15.9641463096678 40.9484229255739 45
15.9041443423079 40.9003667264802 50
14.9993875359461 41.2328676197556 60
15.1510580992583 41.5495380732169 48
15.1505020353778 41.6425946226054 36
15.0004959426649 41.7467619624943 65
16.1672129127935 40.0748037002378 37
16.5183351552277 40.439252494716 39
15.2682858845682 41.3050913885134 52
13.3843259993591 41.6328663490559 126
14.8190993171814 41.9323189792842 60
15.2682910060822 40.2731365661709 37
14.9352186986064 41.2003670881614 121
15.021889189721 41.0742549365099 101
14.1213021335496 40.8639721409876 755
16.9903011182125 39.1175745396332 46
17.2030866456342 39.0234074657431 32
16.4883369859796 39.6836896761448 43
18.1870077245945 39.9361952208321 52
16.6533410509207 40.1648056854566 29
15.2152340319702 40.1748021369785 40
15.7638640896839 40.3214717210049 51
16.5202804793255 40.2303615753303 33
16.3777744316401 40.4659190992606 42
16.4777781108359 40.4464746952809 41
16.2766593208067 40.553141943548 38
15.7371934094315 40.9920338916697 57
15.9447016081859 40.8470329558627 82
15.5480190658617 41.1573128602138 53
15.5480190658617 41.1573128602138 53
15.5538526923839 41.1406460369906 52
15.4663490953473 41.2231466509889 52
15.4324590303542 41.2103686453578 59
15.474127316374 41.1906463347188 43
15.4563488686472 41.1948129950382 39
15.5752421915469 41.1762020197366 35
15.5410742994904 41.1714796546379 46
15.5138510573647 41.176757411987 54
12.7401369878716 41.4561952891193 52
14.8532705122953 41.3392571743156 112
15.2363394866077 41.4581484631783 35
15.3327325322425 41.3362030109424 46
15.3530105685512 41.4325929733016 55
15.3813450802759 41.4050927634212 52
15.4252351539392 41.4906493491755 41
15.4066237969778 41.4028705893632 50
15.3196754553537 41.5420384843922 49
15.3380084524686 41.7403740006908 93
15.2555052765578 41.7645406904201 49
13.215984761353 41.8837017341021 45
14.2326889436207 41.8912055079866 65
14.3788051756995 41.9392620794092 57
14.771597422112 41.9559302003159 50
14.8299332463698 41.8975964110179 55
14.9068805706129 41.8925965947974 50
15.4435704888674 41.222313245257 54
15.5080176160665 41.1550905045288 64
15.9099810350555 40.1848041127265 46
15.7574758367884 40.1273031688086 45
16.0666523056807 40.4214734681727 34
14.0690782560855 40.8248049025141 285
16.5679994708337 40.0689712454406 60
15.4338474121419 41.3234253857461 45
16.5680595092151 40.3506406285022 33
16.5008374707024 39.6725784908512 46
16.7675111672475 40.3389742872114 43
16.4186089935671 40.5267531280225 47
15.6166332418603 41.0395340549042 57
15.7510827127395 41.0117563528299 52
14.8521591326679 41.3812020556023 115
14.8502148509235 41.3381460421412 115
15.1666147263698 41.4537037677445 50
15.3518995061784 41.4148150044809 43
14.8849350325753 41.9431526359388 33
14.1147105649745 41.2736985325846 -14.23
15.0607785934633 41.2470346177719 52
15.0888325894934 41.7375954625974 58
15.0724433217638 41.6950949549436 60
15.0038289859169 41.8231516897528 48
15.0779988765767 41.7337064992758 71
16.0402564172578 41.7942653774382 33
14.0654669947758 40.8281382569314 411
14.0532441592613 40.8570273941666 150
14.1210244342071 40.8489719891279 226
16.1288731917094 41.2562042997961 27
17.1966364182782 39.0239907918346 32
15.3121778374357 41.0142551699184 62
14.9607720924219 41.7762066048439 60
14.4482522398066 41.9314844465965 57
14.6113140154251 41.9009290882815 55
14.811598940822 41.9498191476448 55
14.8049322216664 41.9150965242645 67
14.742430539743 41.8025951025522 62
15.3149529871036 41.5562052885969 48
14.8941053778466 41.3323127825696 72.2
16.9294661778615 38.9611841633883 63
16.9294661778615 38.9611841633883 50
16.4236124863289 39.6798006041183 60
16.4825029272986 39.8200798168293 28
16.5158379307746 39.6914675876726 43
16.5988947433042 40.1420275684341 40
16.6455630237985 40.1570278158128 33
15.9369258251455 40.3278611182286 47
16.6463959372991 40.2767511954292 44
16.2994382483485 40.4728634272832 50
16.4883341554102 40.4186966689488 36
16.5077794870027 40.3706406873727 50
16.5069458052001 40.4523081526706 48
16.5597258036261 40.3695296830556 37
16.8214017658144 40.4014750139965 23
15.2960680231588 40.6336957301524 39
16.329716579543 40.6050870299758 55
16.3213829666642 40.599809179945 61
16.3422174121442 40.5111972398738 35
16.4213869324721 40.5114752056728 38
15.8608095358989 40.8778663858022 55
15.976924788058 40.8950890812885 33
15.4955171151329 41.1642572315188 59
15.542185498087 41.1617573346608 46
15.6027434123101 41.1309238479769 48
15.1696728759656 40.9706432016843 125
15.747471206465 41.068701372891 50
12.604020566622 41.5034174485632 102
15.7724721513217 41.0614791425417 68
15.7980288399725 41.0175898699712 46
14.8941053778466 41.3323127825696 86
15.4577377170715 41.2134243035191 42
15.4452371386158 41.2381467481924 46
15.3760675964509 41.3075917232302 48
15.446626180703 41.2173132017769 59
15.4149582054442 41.2478689867027 46
15.4027354769465 41.2598135213074 55
15.4160694423243 41.230646588107 56
15.4080135386111 41.2414800116232 43
15.4880167722763 41.1784240242761 54
15.5263508303059 41.3175922492732 48
15.5457965802855 41.1950910239135 44
13.5623891347433 41.4734208809055 33
14.6904859545558 41.4867582198955 46
14.8079910453487 41.3450904287535 92
15.2596734878047 41.4950933672173 39
15.2555068659379 41.4564818345266 46
15.1952262413485 41.5784274003956 42
14.5490907972911 41.6748153281192 55
14.7027067558786 41.8189840436486 60
15.4410705299161 41.1953685135969 56
15.2082852875228 40.9909212988409 132
12.7076353686913 41.5161957865325 81
14.0507433474467 40.9778619401368 43
16.3505503787383 40.675643338879 53
15.4346812873102 41.2198131943019 50
15.5021839672316 41.1762018183378 40
14.0827644998393 41.3489769854696 -5.86
14.06554229962 41.2414758070775 46.47
17.1616963325294 39.016185101134 32
16.0308181341901 40.3159167941291 55.2
14.0693560438952 40.8248049034649 616
14.065466993127 40.828416037497 333
15.0424424669276 41.647872134858 62
13.0651470534141 41.7145326572836 48
15.0804987999304 41.7653735159834 54
15.0291077414429 41.8153739039179 48
15.0110517683576 41.7689844571561 52
15.8649765350346 40.8375882106134 52
17.1966364182782 39.0239907918346 32
16.4497213635597 40.4923084153871 45
16.4883341554102 40.4186966689488 40
16.4980565798037 40.4564748400346 41
16.4905563085286 40.456752603398 41
16.5469483764579 40.1586942787391 46
15.9369258251455 40.3278611182286 65
16.4247216317754 40.196472141065 37
16.6988977762506 40.2889736516485 38
16.7027866732983 40.3242517810215 43
15.9077577590514 40.408695165068 45
15.9077577590514 40.408695165068 45
16.3397178660618 40.376473688491 45
16.5208351749224 40.4573082334842 56
16.5447250773219 40.4178634557053 45
16.5308357897815 40.3917520573042 48
16.6261171559781 40.3495296362995 36
16.703897780819 40.3359185638007 46
16.7030643646488 40.350085366838 44
16.1997119132809 40.5978644242017 50
16.1777666285094 40.60925337295 53
16.3397171789823 40.5464753606533 52
15.5071842145788 41.1628683605926 41
15.576353622781 41.1178680853851 73
15.52996290602 41.1459238036086 52
15.6821909250127 41.0950903594419 43
15.6558011521592 41.0784234498715 59
14.8610486635709 41.3228681377366 112
15.4741268254397 41.2909251580243 48
15.4285699391031 41.222590983831 56
15.4591264140865 41.2628692672357 52
15.4049578437887 41.2470356164835 48
15.4146803831542 41.2548135028117 55
15.4894056591325 41.1892574739354 42
15.5538518044066 41.3245368425383 49
15.5866312420826 41.2292581582598 40
15.3107870941224 41.373703342259 43
15.2374501994621 41.5434271502552 37
15.1882816134332 41.5645383428024 46
14.7652081437592 41.9828749205142 50
14.8907685392499 41.9509305170551 35
14.9568871911002 41.0045318045476 88.2
12.2287255871141 41.9592540617722 160
15.100499179521 41.8328743086935 45
15.0010511956373 41.8064848335515 56
16.4002755998528 40.3761960497519 84
16.4680555144009 40.4525858441523 33
15.4671824958748 41.2156465752487 54
12.7334695536073 41.5289738042492 43
14.9010472677749 41.8478738668213 57
14.0091515920911 41.2025863208156 13.39
17.0250242701965 39.2045198207503 56
15.2216952217627 41.3184247264457 51
14.4480530933158 41.7853717454152 60
14.7570940416498 41.4712027093621 48
15.1896695154332 41.7631515937493 53
13.8143444832366 41.2053634429048 26
15.373290324145 41.1856459993927 55
15.5141288870371 41.1681462123199 46
16.3299946939676 40.5248084566144 40
15.459686991916 40.2206365967102 57
14.3604715698162 41.8712057201377 68.5
15.9935944429982 40.3470281144191 58
14.0607445805512 40.831749388109 293
15.4735716794387 41.2031464630598 54
16.5522252946787 40.4314747173523 43
16.46333357967 40.3361958052879 47
16.3911081106953 40.4995305727791 44
15.3605115142708 41.2989804777475 56
15.4985725579833 41.2103688299519 40
15.4288476106032 41.2462023417363 54
15.3919019140772 41.2262020291933 87
15.4627379256963 41.2081464848163 48
15.5869093801937 41.1562018442473 44
14.2649125027661 41.8673164681784 70
16.5602812153577 40.4120301002879 45
16.5438914587027 40.4836974346331 48
16.3641625178696 40.543419832414 81
16.3941635022781 40.5678645894705 81
15.5610752555933 41.1245347790763 61
15.703858536508 41.0620345213376 54
16.2060990928837 41.0578690968253 120
16.2060990928837 41.0578690968253 36
17.2003264960269 39.0839855884571 38.9
17.2003264960269 39.0839855884571 42.5
15.2663585351336 41.9331988962809 85.1
17.1992153597937 39.0839855809803 38.6
